105
1000000000 40
203 100
200 100
1000000000 1
27387596 54
1 2
3 6
138 6
1 3
4 3
197 99
4 8
7 3
101 99
101 100
102 99
999999999 3
98 99
3 4
100 99
417304805 46
4 1
146755893 1
3 7
999999999 99
6 2
558689828 44
1 31
800744567 72
3 3
197 100
2 2
195 99
103 100
236088977 100
4 9
3 2
997184809 100
199 99
5 2
1000000000 2
198 99
1 99
417021999 1
1 73
1 10
4 2
5 3
538816732 85
2 5
692322617 52
273049978 17
9 3
3 1
6 3
7 2
2 99
3 100
396767469 94
999999999 100
1000000000 100
96 99
198 100
202 100
102 100
196 99
3 99
593065517 43
99 99
128124448 100
201 99
97 100
894606664 83
829603365 4
4 5
200 99
98 100
114382 1
345560726 67
1000000000 99
412538846 2
4 4
201 100
2 1
4 7
199 100
2 100
3 5
100 100
8 3
5 1
1 1
671654092 96
443452894 88
4 6
999999999 2
2 3
1000000000 94
99 100
783314473 84
2 4
97 99
1 100
1000000000 3
999999999 1
